VARS   RESID RESNAME PHI PSI DPHI DPSI DIST S2 COUNT CS_COUNT CLASS
FORMAT %4d %s %8.3f %8.3f %8.3f %8.3f %8.3f %5.3f %2d %2d %s

   1 P 9999.000 9999.000    0.000    0.000    0.000 0.000  0  0 None
   2 L 9999.000 9999.000    0.000    0.000    0.000 0.000  0  0 None
   3 V  -113.300  136.100   35.000   35.000    0.700 0.850 25 10 Strong
   4 N  -120.800  140.600   40.600   37.500    0.700 0.850 25 10 Strong
   5 I  -115.000  130.600   43.500   20.000    0.700 0.850 25 10 Strong
   6 Y  -123.500  142.400   46.800   47.300    0.700 0.850 25 10 Strong
   7 N  -102.600  151.800   77.000   35.000    0.700 0.850 25 10 Strong
   8 C  -148.000  160.400   49.300   35.000    0.700 0.850 25 10 Strong
   9 S 9999.000 9999.000    0.000    0.000    0.000 0.000  0  0 None
  10 G 9999.000 9999.000    0.000    0.000    0.000 0.000  0  0 None
  11 V  -126.400  147.100   35.000   39.600    0.700 0.850 25 10 Strong
  12 Q  -124.500  138.700   45.600   43.100    0.700 0.850 25 10 Strong
  13 V  -102.400  131.200   40.000   35.000    0.700 0.850 25 10 Strong
  14 G 9999.000 9999.000    0.000    0.000    0.000 0.000  0  0 None
  15 D 9999.000 9999.000    0.000    0.000    0.000 0.000  0  0 None
  16 N 9999.000 9999.000    0.000    0.000    0.000 0.000  0  0 None
  17 N 9999.000 9999.000    0.000    0.000    0.000 0.000  0  0 None
  18 Y  -101.100  127.600   57.300   41.300    0.700 0.850 25 10 Strong
  19 L  -110.300  128.800   35.000   35.000    0.700 0.850 25 10 Strong
  20 T  -114.600  131.500   35.000   35.000    0.700 0.850 25 10 Strong
  21 M  -110.900  128.000   45.600   35.000    0.700 0.850 25 10 Strong
  22 Q  -103.900  133.700   44.100   36.700    0.700 0.850 25 10 Strong
  23 Q  -129.300  144.400   35.000   36.300    0.700 0.850 25 10 Strong
  24 T  -110.000  129.300   49.900   35.000    0.700 0.850 25 10 Strong